0.954732	-0.178212	-0.220712	-0.018407	0.026093	0.030872	-0.010878	-0.003111	0.038941	-0.225743	0.024365	-0.206414	0.013356	0.000112	-0.213462	-0.020458	
-0.178212	1.031059	0.257029	-0.195899	-0.172868	-0.189289	-0.167802	-0.202438	-0.178141	0.271101	-0.183643	0.277888	-0.197923	-0.183839	0.173352	-0.156141	
-0.220712	0.257029	1.134964	-0.223358	-0.227579	-0.233008	-0.212882	-0.218910	-0.224171	0.349899	-0.215391	0.372839	-0.213965	-0.234617	0.314648	-0.195653	
-0.018407	-0.195899	-0.223358	0.946969	-0.019454	0.022342	-0.009829	0.093607	-0.022231	-0.221734	-0.008815	-0.231502	0.031372	0.079350	-0.206665	-0.025067	
0.026093	-0.172868	-0.227579	-0.019454	0.946447	0.000538	-0.014411	-0.026782	0.076786	-0.224531	0.079323	-0.212369	-0.010200	-0.012005	-0.207407	-0.010540	
0.030872	-0.189289	-0.233008	0.022342	0.000538	0.950037	-0.004890	0.021740	0.005312	-0.226557	-0.007163	-0.222159	0.043559	0.032128	-0.220052	-0.012815	
-0.010878	-0.167802	-0.212882	-0.009829	-0.014411	-0.004890	0.961323	-0.012904	-0.025809	-0.212726	-0.027288	-0.202573	-0.017703	-0.006485	-0.200519	0.156724	
-0.003111	-0.202438	-0.218910	0.093607	-0.026782	0.021740	-0.012904	0.950598	-0.030751	-0.220784	-0.007624	-0.233841	0.042934	0.069583	-0.205879	-0.024927	
0.038941	-0.178141	-0.224171	-0.022231	0.076786	0.005312	-0.025809	-0.030751	0.954359	-0.226787	0.068437	-0.208648	-0.000869	-0.016592	-0.204268	-0.014574	
-0.225743	0.271101	0.349899	-0.221734	-0.224531	-0.226557	-0.212726	-0.220784	-0.226787	1.129290	-0.211282	0.312139	-0.213499	-0.225302	0.361506	-0.205719	
0.024365	-0.183643	-0.215391	-0.008815	0.079323	-0.007163	-0.027288	-0.007624	0.068437	-0.211282	0.954258	-0.225252	0.007195	-0.029771	-0.191156	-0.035119	
-0.206414	0.277888	0.372839	-0.231502	-0.212369	-0.222159	-0.202573	-0.233841	-0.208648	0.312139	-0.225252	1.124405	-0.224832	-0.217212	0.293774	-0.186610	
0.013356	-0.197923	-0.213965	0.031372	-0.010200	0.043559	-0.017703	0.042934	-0.000869	-0.213499	0.007195	-0.224832	0.940900	0.017020	-0.201633	-0.024822	
0.000112	-0.183839	-0.234617	0.079350	-0.012005	0.032128	-0.006485	0.069583	-0.016592	-0.225302	-0.029771	-0.217212	0.017020	0.948065	-0.217412	-0.012262	
-0.213462	0.173352	0.314648	-0.206665	-0.207407	-0.220052	-0.200519	-0.205879	-0.204268	0.361506	-0.191156	0.293774	-0.201633	-0.217412	1.124322	-0.191904	
-0.020458	-0.156141	-0.195653	-0.025067	-0.010540	-0.012815	0.156724	-0.024927	-0.014574	-0.205719	-0.035119	-0.186610	-0.024822	-0.012262	-0.191904	0.951747	
