0.000000	0.399841	0.420006	0.317318	0.300097	0.300848	0.316115	0.312490	0.299714	0.421482	0.366105	0.304836	0.413119	0.306714	0.310344	0.418667	0.319432	
0.399841	0.000000	0.262447	0.404695	0.393595	0.402627	0.394080	0.405194	0.397962	0.254880	0.307078	0.400531	0.251248	0.404716	0.399635	0.289633	0.388367	
0.420006	0.262447	0.000000	0.417068	0.419392	0.424940	0.415483	0.416237	0.420807	0.233951	0.335622	0.414950	0.230658	0.413745	0.423407	0.247723	0.407684	
0.317318	0.404695	0.417068	0.000000	0.315667	0.304422	0.315892	0.276855	0.318735	0.415729	0.369732	0.312996	0.421102	0.296779	0.284552	0.412730	0.319613	
0.300097	0.393595	0.419392	0.315667	0.000000	0.309604	0.316057	0.317239	0.285870	0.418058	0.363912	0.284828	0.411934	0.311038	0.312808	0.413326	0.312423	
0.300848	0.402627	0.424940	0.304422	0.309604	0.000000	0.313431	0.302461	0.310039	0.421425	0.366296	0.316046	0.418539	0.296029	0.300380	0.421711	0.315755	
0.316115	0.394080	0.415483	0.315892	0.316057	0.313431	0.000000	0.315322	0.320658	0.415969	0.361010	0.322876	0.410828	0.316019	0.313915	0.411423	0.264108	
0.312490	0.405194	0.416237	0.276855	0.317239	0.302461	0.315322	0.000000	0.321813	0.415160	0.365883	0.311687	0.421055	0.291344	0.285825	0.411756	0.318825	
0.299714	0.397962	0.420807	0.318735	0.285870	0.310039	0.320658	0.321813	0.000000	0.422847	0.364066	0.290625	0.413260	0.311839	0.317750	0.415335	0.316917	
0.421482	0.254880	0.233951	0.415729	0.418058	0.421425	0.415969	0.415160	0.422847	0.000000	0.338641	0.413240	0.245341	0.412464	0.420070	0.233809	0.409314	
0.366105	0.307078	0.335622	0.369732	0.363912	0.366296	0.361010	0.365883	0.364066	0.338641	0.000000	0.356809	0.341332	0.362080	0.366199	0.324929	0.357935	
0.304836	0.400531	0.414950	0.312996	0.284828	0.316046	0.322876	0.311687	0.290625	0.413240	0.356809	0.000000	0.418431	0.305468	0.321762	0.406514	0.323821	
0.413119	0.251248	0.230658	0.421102	0.411934	0.418539	0.410828	0.421055	0.413260	0.245341	0.341332	0.418431	0.000000	0.417775	0.415013	0.254425	0.401680	
0.306714	0.404716	0.413745	0.296779	0.311038	0.296029	0.316019	0.291344	0.311839	0.412464	0.362080	0.305468	0.417775	0.000000	0.303757	0.410481	0.317180	
0.310344	0.399635	0.423407	0.284552	0.312808	0.300380	0.313915	0.285825	0.317750	0.420070	0.366199	0.321762	0.415013	0.303757	0.000000	0.418091	0.314911	
0.418667	0.289633	0.247723	0.412730	0.413326	0.421711	0.411423	0.411756	0.415335	0.233809	0.324929	0.406514	0.254425	0.410481	0.418091	0.000000	0.407046	
0.319432	0.388367	0.407684	0.319613	0.312423	0.315755	0.264108	0.318825	0.316917	0.409314	0.357935	0.323821	0.401680	0.317180	0.314911	0.407046	0.000000	
